14,1
14,3
14,0
13,1
13,3
13,0
10,179
10,91
10,113
10,297
10,204
10,242
10,255
10,0
11,0
9,6
9,7
9,0
8,17
8,14
8,5
8,0
24,3
24,2
24,1
12,0
24,0
20,3
20,2
20,1
19,3
19,2
19,1
12,3
12,2
12,1
11,30
11,29
11,28
11,27
11,26
11,25
11,24
11,23
11,22
11,21
11,20
11,19
11,18
11,17
11,16
11,15
11,14
11,13
11,12
11,11
11,10
11,9
11,8
11,7
11,6
11,5
11,4
11,3
11,2
11,1
10,315
10,314
10,313
10,312
10,311
10,310
10,309
10,295
10,281
10,257
10,254
10,247
10,246
10,241
10,217
10,163
10,105
3,1
3,3
10,1
10,99
3,0
10,3
10,2
9,1
9,5
9,3
9,2
8,16
8,9
8,1
8,6
8,3
2,2
8,2
2,1
2,3
3,2
2,0
0,278
0,273
0,414
0,413
0,412
0,411
0,410
0,409
0,408
0,407
0,406
0,405
0,404
0,403
0,402
0,401
0,400
0,399
0,398
0,397
0,396
0,395
0,394
0,393
0,392
0,391
0,390
0,389
0,388
0,387
0,386
0,385
0,384
0,319
0,318
0,243
0,276
0,272
0,271
0,270
0,275
0,12
0,10
0,8
0,0
0,268
0,267
0,266
0,265
0,264
0,263
0,262
0,261
0,260
0,259
0,258
0,257
0,256
0,255
0,254
0,253
0,252
0,251
0,250
0,249
0,248
0,247
0,246
0,245
0,244
0,242
0,241
0,240
0,239
0,238
0,237
0,236
0,235
0,234
0,233
0,232
0,231
0,230
0,229
0,228
0,227
0,226
0,225
0,224
0,223
0,222
0,221
0,220
0,219
0,218
0,217
0,216
0,215
0,214
0,213
0,212
0,211
0,210
0,209
0,208
0,207
0,206
0,205
0,311
0,204
0,310
0,203
0,202
0,309
0,308
0,201
0,307
0,306
0,200
0,305
0,304
0,199
0,303
0,302
0,198
0,301
0,197
0,300
0,196
0,299
0,195
0,298
0,194
0,297
0,193
0,296
0,192
0,295
0,63
0,294
0,62
0,293
0,61
0,292
0,60
0,291
0,59
0,290
0,58
0,289
0,57
0,288
0,56
0,287
0,55
0,317
0,286
0,54
0,316
0,285
0,53
0,284
0,52
0,283
0,51
0,315
0,282
0,50
0,313
0,281
0,49
0,312
0,280
0,48
0,314
0,279
0,47
0,277
0,46
0,274
0,45
0,269
0,6
0,5
0,1
0,11
0,4
0,2
0,3
0,7
